 
 global_mass   0.740740529052216       0.000000000000000E+000
 -0.740740529052216     
 
 global_mass    2.22222031702724       0.000000000000000E+000
  -2.22222031702724     
 
 global_mass    4.44443682367497       2.535696866986186E-021
  -4.44443682367497     
 
 global_mass    7.40738623864202       1.366591845027984E-020
  -7.40738623864202     
 
 global_mass    11.1110634814979       3.987041834527135E-020
  -11.1110634814979     
 
 global_mass    15.5554622017697       8.488187927701413E-020
  -15.5554622017697     
 
 global_mass    20.7405747789860       1.464937949958511E-019
  -20.7405747789860     
 
 global_mass    26.6663923227288       2.127529696804344E-019
  -26.6663923227288     
 
 global_mass    33.3329046726943       2.575169942310828E-019
  -33.3329046726943     
 
 global_mass    40.7401003987634       2.371230175523815E-019
  -40.7401003987634     
 
 global_mass    48.8879668010793       9.354828332913182E-020
  -48.8879668010793     
 
 global_mass    57.7764899101347      -2.349893347962501E-019
  -57.7764899101347     
 
 global_mass    67.4056544868680      -7.941374725413875E-019
  -67.4056544868680     
 
 global_mass    77.7754440227675      -1.578159460902298E-018
  -77.7754440227675     
 
 global_mass    88.8858407399847      -2.480434029807347E-018
  -88.8858407399846     
 
 global_mass    100.736825591456      -3.234047954868345E-018
  -100.736825591456     
 
 global_mass    113.328378261033      -3.345208297027353E-018
  -113.328378261033     
 
 global_mass    126.660477163624      -2.027182158332853E-018
  -126.660477163624     
 
 global_mass    140.733099445339       1.846243694459859E-018
  -140.733099445339     
 
 global_mass    155.546220983646       9.751944669295849E-018
  -155.546220983646     
 
 global_mass    171.099816387541       2.347849506412955E-017
  -171.099816387541     
 
 global_mass    187.393858997718       4.500550124371337E-017
  -187.393858997718     
 
 global_mass    204.428320886752       7.626808709894901E-017
  -204.428320886752     
 
 global_mass    222.203172859292       1.187944955499080E-016
  -222.203172859292     
 
 global_mass    240.718384452260       1.732121818428419E-016
  -240.718384452260     
 
 global_mass    259.973923935061       2.386118336473668E-016
  -259.973923935061     
 
 global_mass    279.969758309797       3.117707740267666E-016
  -279.969758309797     
 
 global_mass    300.705853311499       3.862720919060743E-016
  -300.705853311500     
 
 global_mass    322.182173408357       4.515975176244423E-016
  -322.182173408358     
 
 global_mass    344.398681801965       4.923031093676090E-016
  -344.398681801965     
 
 global_mass    367.355340427573       4.874064379448734E-016
  -367.355340427573     
 
 global_mass    391.052109954347       4.101323743725716E-016
  -391.052109954347     
 
 global_mass    415.488949785641       2.281835150348834E-016
  -415.488949785641     
 
 global_mass    440.665818059273      -9.528556475570265E-017
  -440.665818059273     
 
 global_mass    466.582671647810      -5.998108780628225E-016
  -466.582671647810     
 
 global_mass    493.239466158868      -1.324718844518542E-015
  -493.239466158868     
 
 global_mass    520.636155935413      -2.305069409906127E-015
  -520.636155935413     
 
 global_mass    548.772694056072      -3.566402858116656E-015
  -548.772694056072     
 
 global_mass    577.649032335459      -5.118353037609712E-015
  -577.649032335459     
 
 global_mass    607.265121324500      -6.947316900995954E-015
  -607.265121324500     
 
 global_mass    637.620910310775      -9.008517509869400E-015
  -637.620910310775     
 
 global_mass    668.716347318863      -1.121795781194252E-014
  -668.716347318863     
 
 global_mass    700.551379110700      -1.344492418341828E-014
  -700.551379110699     
 
 global_mass    733.125951185938      -1.550584314138643E-014
  -733.125951185938     
 
 global_mass    766.440007782327      -1.716038832721174E-014
  -766.440007782327     
 
 global_mass    800.493491876087      -1.811283738181024E-014
  -800.493491876087     
 
 global_mass    835.286345182305      -1.801807115737889E-014
  -835.286345182304     
 
 global_mass    870.818508155328      -1.648845371138922E-014
  -870.818508155328     
 
 global_mass    907.089919989177      -1.310667559694978E-014
  -907.089919989176     
 
 global_mass    944.100518617956      -7.447808682426600E-015
  -944.100518617955     
 
 global_mass    981.850240716280       8.918708999691704E-016
  -981.850240716280     
 
 global_mass    1020.33902169971       1.225954177970830E-014
  -1020.33902169971     
 
 global_mass    1059.56679572519       2.690475304509309E-014
  -1059.56679572519     
 
 global_mass    1099.53349569149       4.493388304702236E-014
  -1099.53349569149     
 
 global_mass    1140.23905323969       6.626195794645990E-014
  -1140.23905323969     
 
 global_mass    1181.68339875363       9.056424226327460E-014
  -1181.68339875363     
 
 global_mass    1223.86646136036       1.172306669574963E-013
  -1223.86646136036     
 
 global_mass    1266.78816893068       1.453267882686065E-013
  -1266.78816893068     
 
 global_mass    1310.44844807960       1.735654662026204E-013
  -1310.44844807960     
 
 global_mass    1354.84722416682       2.002937266780258E-013
  -1354.84722416682     
 
 global_mass    1399.98442129729       2.235003541724746E-013
  -1399.98442129729     
 
 global_mass    1445.85996232168       2.408508653772514E-013
  -1445.85996232168     
 
 global_mass    1492.47376883696       2.497537839703791E-013
  -1492.47376883696     
 
 global_mass    1539.82576118687       2.474592685682093E-013
  -1539.82576118687     
 
 global_mass    1587.91585846251       2.311903357796826E-013
  -1587.91585846251     
 
 global_mass    1636.74397850288       1.983052522690246E-013
  -1636.74397850288     
 
 global_mass    1686.31003789545       1.464876448550448E-013
  -1686.31003789545     
 
 global_mass    1736.61395197670       7.395848290309847E-014
  -1736.61395197670     
 
 global_mass    1787.65563483272      -2.029847786205576E-014
  -1787.65563483272     
 
 global_mass    1839.43499929981      -1.363087191186628E-013
  -1839.43499929980     
 
 global_mass    1891.95195696502      -2.728896991255472E-013
  -1891.95195696502     
 
 global_mass    1945.20641816683      -4.274595536216265E-013
  -1945.20641816683     
 
 global_mass    1999.19829199570      -5.958884575834218E-013
  -1999.19829199569     
 
 global_mass    2053.92748629469      -7.724095563846308E-013
  -2053.92748629469     
 
 global_mass    2109.39390766013      -9.496051811221680E-013
  -2109.39390766013     
 
 global_mass    2165.59746144224      -1.118483213280787E-012
  -2165.59746144224     
 
 global_mass    2222.53805174575      -1.268656852706595E-012
  -2222.53805174575     
 
 global_mass    2280.21558143056      -1.388636099760145E-012
  -2280.21558143056     
 
 global_mass    2338.62995211244      -1.466232806233563E-012
  -2338.62995211244     
 
 global_mass    2397.78106416365      -1.489075800194629E-012
  -2397.78106416365     
 
 global_mass    2457.66881671365      -1.445228715234627E-012
  -2457.66881671365     
 
 global_mass    2518.29310764977      -1.323899104738937E-012
  -2518.29310764977     
 
 global_mass    2579.65383361790      -1.116219297888459E-012
  -2579.65383361790     
 
 global_mass    2641.75089002322      -8.160652459773679E-013
  -2641.75089002321     
 
 global_mass    2704.58417103087      -4.208677881600595E-013
  -2704.58417103087     
 
 global_mass    2768.15356956672       6.762993627257290E-014
  -2768.15356956672     
 
 global_mass    2832.45897731805       6.427115574694581E-013
  -2832.45897731805     
 
 global_mass    2897.50028473432       1.292165816705031E-012
  -2897.50028473432     
 
 global_mass    2963.27738102788       1.997948907941008E-012
  -2963.27738102788     
 
 global_mass    3029.79015417476       2.736076054422790E-012
  -3029.79015417476     
 
 global_mass    3097.03849091540       3.476785832752529E-012
  -3097.03849091541     
 
 global_mass    3165.02227675545       4.185016100304815E-012
  -3165.02227675546     
 
 global_mass    3233.74139596651       4.821221931646341E-012
  -3233.74139596651     
 
 global_mass    3303.19573158694       5.342553465271102E-012
  -3303.19573158694     
 
 global_mass    3373.38516542264       5.704394975931770E-012
  -3373.38516542265     
 
 global_mass    3444.30957804788       5.862245054313667E-012
  -3444.30957804789     
 
 global_mass    3515.96884880607       5.773890994465310E-012
  -3515.96884880607     
 
 global_mass    3588.36285581059       5.401803577594073E-012
  -3588.36285581060     
 
 global_mass    3661.49147594564       4.715661406374623E-012
  -3661.49147594565     
 
 global_mass    3735.35458486705       3.694904067269422E-012
  -3735.35458486705     
 
 global_mass    3809.95205700311       2.331198001052796E-012
  -3809.95205700311     
 
 global_mass    3885.28376555547       6.306813852580817E-013
  -3885.28376555547     
 
 global_mass    3961.34958249994      -1.384152503936438E-012
  -3961.34958249994     
 
 global_mass    4038.14937858740      -3.673069922164664E-012
  -4038.14937858740     
 
 global_mass    4115.68302334465      -6.177338744227885E-012
  -4115.68302334464     
 
 global_mass    4193.95038507529      -8.819719045184857E-012
  -4193.95038507528     
 
 global_mass    4272.95133086064      -1.150530883383367E-011
  -4272.95133086063     
 
 global_mass    4352.68572656061      -1.412332841628142E-011
  -4352.68572656059     
 
 global_mass    4433.15343681461      -1.654989514099005E-011
  -4433.15343681459     
 
 global_mass    4514.35432504247      -1.865180028928445E-011
  -4514.35432504245     
 
 global_mass    4596.28825344539      -2.029125011331743E-011
  -4596.28825344537     
 
 global_mass    4678.95508300680      -2.133147581103481E-011
  -4678.95508300678     
 
 global_mass    4762.35467349337      -2.164306426410217E-011
  -4762.35467349335     
 
 global_mass    4846.48688345592      -2.111081754320095E-011
  -4846.48688345590     
 
 global_mass    4931.35157023039      -1.964090534856200E-011
  -4931.35157023037     
 
 global_mass    5016.94858993878      -1.716802807134372E-011
  -5016.94858993876     
 
 global_mass    5103.27779749015      -1.366226619624302E-011
  -5103.27779749014     
 
 global_mass    5190.33904658157      -9.135259943430379E-012
  -5190.33904658156     
 
 global_mass    5278.13218969913      -3.645344212264844E-012
  -5278.13218969912     
 
 global_mass    5366.65707811891       2.698739858926601E-012
  -5366.65707811891     
 
 global_mass    5455.91356190801       9.735922330675832E-012
  -5455.91356190802     
 
 global_mass    5545.90148992554       1.725106711050728E-011
  -5545.90148992556     
 
 global_mass    5636.62070982362       2.497568373092350E-011
  -5636.62070982365     
 
 global_mass    5728.07106804846       3.259333264559541E-011
  -5728.07106804849     
 
 global_mass    5820.25240984133       3.974798291917531E-011
  -5820.25240984137     
 
 global_mass    5913.16457923965       4.605538005726192E-011
  -5913.16457923970     
 
 global_mass    6006.80741907801       5.111735016885025E-011
  -6006.80741907806     
 
 global_mass    6101.18077098922       5.453882017332962E-011
  -6101.18077098927     
 
 global_mass    6196.28447540541       5.594717696576301E-011
  -6196.28447540547     
 
 global_mass    6292.11837155908       5.501341844594298E-011
  -6292.11837155913     
 
 global_mass    6388.68229748415       5.147435861798402E-011
  -6388.68229748420     
 
 global_mass    6485.97609001711       4.515495885027241E-011
  -6485.97609001716     
 
 global_mass    6583.99958479807       3.598972790378691E-011
  -6583.99958479810     
 
 global_mass    6682.75261627185       2.404209733650458E-011
  -6682.75261627187     
 
 global_mass    6782.23501768914       9.520702752498266E-012
  -6782.23501768915     
 
 global_mass    6882.44662110758      -7.208461539788887E-012
  -6882.44662110757     
 
 global_mass    6983.38725739290      -2.561500930322461E-011
  -6983.38725739287     
 
 global_mass    7085.05675622004      -4.500319281285377E-011
  -7085.05675621999     
 
 global_mass    7187.45494607430      -6.451784928700198E-011
  -7187.45494607423     
 
 global_mass    7290.58165425249      -8.315797047168975E-011
  -7290.58165425240     
 
 global_mass    7394.43670686408      -9.979839355995848E-011
  -7394.43670686398     
 
 global_mass    7499.01992883236      -1.132198392922529E-010
  -7499.01992883224     
 
 global_mass    7604.33114389562      -1.221471943068525E-010
  -7604.33114389550     
 
 global_mass    7710.37017460833      -1.252955616524277E-010
  -7710.37017460820     
 
 global_mass    7817.13684234230      -1.214232035872649E-010
  -7817.13684234217     
 
 global_mass    7924.63096728790      -1.093900971407848E-010
  -7924.63096728779     
 
 global_mass    8032.85236845526      -8.822043793571702E-011
  -8032.85236845517     
 
 global_mass    8141.80086367546      -5.716707673376024E-011
  -8141.80086367540     
 
 global_mass    8251.47626960176      -1.577556390430256E-011
  -8251.47626960175     
 
 global_mass    8361.87840171082       3.605478229629583E-011
  -8361.87840171085     
 
 global_mass    8473.00707430391       9.801556334371269E-011
  -8473.00707430400     
 
 global_mass    8584.86210050817       1.693426391320268E-010
  -8584.86210050834     
 
 global_mass    8697.44329227788       2.487810340250311E-010
  -8697.44329227813     
 
 global_mass    8810.75046039564       3.345642426523347E-010
  -8810.75046039598     
 
 global_mass    8924.78341447369       4.244105702117829E-010
  -8924.78341447412     
 
 global_mass    9039.54196295515       5.155388220981924E-010
  -9039.54196295567     
 
 global_mass    9155.02591311532       6.047052047875904E-010
  -9155.02591311593     
 
 global_mass    9271.23507106291       6.882627014060580E-010
  -9271.23507106361     
 
 global_mass    9388.16924174138       7.622434341752623E-010
  -9388.16924174215     
 
 global_mass    9505.82822893022       8.224636386459285E-010
  -9505.82822893106     
 
 global_mass    9624.21183524624       8.646499073328663E-010
  -9624.21183524711     
 
 global_mass    9743.31986214487       8.845843942646801E-010
  -9743.31986214577     
 
 global_mass    9863.15210992153       8.782657688674206E-010
  -9863.15210992242     
 
 global_mass    9983.70837771289       8.420818795069725E-010
  -9983.70837771374     
 
 global_mass    10104.9884634982       7.729893147448943E-010
  -10104.9884634990     
 
 global_mass    10226.9921641008       6.686943264141247E-010
  -10226.9921641015     
 
 global_mass    10349.7192751892       5.278289281271399E-010
  -10349.7192751897     
 
 global_mass    10473.1695912784       3.501154532861961E-010
  -10473.1695912788     
 
 global_mass    10597.3429057318       1.365124983441561E-010
  -10597.3429057319     
 
 global_mass    10722.2390107618      -1.106649686492145E-010
  -10722.2390107617     
 
 global_mass    10847.8576974319      -3.876584573967062E-010
  -10847.8576974315     
 
 global_mass    10974.1987556572      -6.892185268526532E-010
  -10974.1987556566     
 
 global_mass    11101.2619742070      -1.008603210919023E-009
  -11101.2619742060     
 
 global_mass    11229.0471407048      -1.337627520731143E-009
  -11229.0471407035     
 
 global_mass    11357.5540416310      -1.666768060037786E-009
  -11357.5540416293     
 
 global_mass    11486.7824623234      -1.985325333713374E-009
  -11486.7824623214     
 
 global_mass    11616.7321869789      -2.281644614512207E-009
  -11616.7321869767     
 
 global_mass    11747.4029986552      -2.543394285421703E-009
  -11747.4029986527     
 
 global_mass    11878.7946792718      -2.757898442300269E-009
  -11878.7946792691     
 
 global_mass    12010.9070096117      -2.912518295412841E-009
  -12010.9070096088     
 
 global_mass    12143.7397693226      -2.995074635159852E-009
  -12143.7397693197     
 
 global_mass    12277.2927369188      -2.994301419342092E-009
  -12277.2927369158     
 
 global_mass    12411.5656897822      -2.900318495881735E-009
  -12411.5656897793     
 
 global_mass    12546.5584041638      -2.705109698296030E-009
  -12546.5584041611     
 
 global_mass    12682.2706551857      -2.402991129131204E-009
  -12682.2706551833     
 
 global_mass    12818.7022168417      -1.991053434279666E-009
  -12818.7022168397     
 
 global_mass    12955.8528619996      -1.469561293918273E-009
  -12955.8528619981     
 
 global_mass    13093.7223624023      -8.422932296575877E-010
  -13093.7223624015     
 
 global_mass    13232.3104886693      -1.168051766717132E-010
  -13232.3104886692     
 
 global_mass    13371.6170102983       6.953978715738651E-010
  -13371.6170102990     
 
 global_mass    13511.6416956666       1.578796434859643E-009
  -13511.6416956681     
 
 global_mass    13652.3843120326       2.513909648358427E-009
  -13652.3843120351     
 
 global_mass    13793.8446255377       3.477476651455241E-009
  -13793.8446255412     
 
 global_mass    13936.0224012074       4.442772883807015E-009
  -13936.0224012118     
 
 global_mass    14078.9174029527       5.380064237047833E-009
  -14078.9174029581     
 
 global_mass    14222.5293935723       6.257197895705566E-009
  -14222.5293935786     
 
 global_mass    14366.8581347536       7.040324289929453E-009
  -14366.8581347607     
 
 global_mass    14511.9033870744       7.694740036260591E-009
  -14511.9033870821     
 
 global_mass    14657.6649100044       8.185837190263914E-009
  -14657.6649100126     
 
 global_mass    14804.1424619071       8.480139670934465E-009
  -14804.1424619155     
 
 global_mass    14951.3358000408       8.546403437145418E-009
  -14951.3358000493     
 
 global_mass    15099.2446805606       8.356753026844652E-009
  -15099.2446805690     
 
 global_mass    15247.8688585202       7.887823564295220E-009
  -15247.8688585281     
 
 global_mass    15397.2080878727       7.121874463185702E-009
  -15397.2080878798     
 
 global_mass    15547.2621214729       6.048062173135360E-009
  -15547.2621214789     
 
 global_mass    15698.0307110787       4.663615971954893E-009
  -15698.0307110833     
 
 global_mass    15849.5136073526       2.974650765292131E-009
  -15849.5136073556     
 
 global_mass    16001.7105598635       9.967922085254146E-010
  -16001.7105598645     
 
 global_mass    16154.6213170882      -1.244423373255767E-009
  -16154.6213170870     
 
 global_mass    16308.2456264131      -3.713408062128804E-009
  -16308.2456264095     
 
 global_mass    16462.5832341358      -6.364669010784475E-009
  -16462.5832341294     
 
 global_mass    16617.6338854666      -9.143264657696180E-009
  -16617.6338854574     
 
 global_mass    16773.3973245304      -1.198558455411976E-008
  -16773.3973245185     
 
 global_mass    16929.8732943685      -1.482045789841343E-008
  -16929.8732943537     
 
 global_mass    17087.0615369395      -1.757058611995051E-008
  -17087.0615369220     
 
 global_mass    17244.9617931220      -2.015428458446969E-008
  -17244.9617931019     
 
 global_mass    17403.5738027155      -2.248750794778970E-008
  -17403.5738026931     
 
 global_mass    17562.8973044424      -2.448612309291111E-008
  -17562.8973044180     
 
 global_mass    17722.9320359496      -2.606838319581693E-008
  -17722.9320359236     
 
 global_mass    17883.6777338104      -2.715754657368463E-008
  -17883.6777337832     
 
 global_mass    18045.1341335257      -2.768457491624766E-008
  -18045.1341334980     
 
 global_mass    18207.3009695264      -2.759083765107272E-008
  -18207.3009694988     
 
 global_mass    18370.1779751746      -2.683074290990040E-008
  -18370.1779751478     
 
 global_mass    18533.7648827654      -2.537421118747372E-008
  -18533.7648827400     
 
 global_mass    18698.0614235288      -2.320890562109893E-008
  -18698.0614235056     
 
 global_mass    18863.0673276313      -2.034213312463792E-008
  -18863.0673276110     
 
 global_mass    19028.7823241777      -1.680233357926129E-008
  -19028.7823241610     
 
 global_mass    19195.2061412128      -1.264008002870429E-008
  -19195.2061412002     
 
 global_mass    19362.3385057229      -7.928521355903049E-009
  -19362.3385057151     
 
 global_mass    19530.1791436383      -2.763210109495447E-009
  -19530.1791436355     
 
 global_mass    19698.7277798340       2.738728245656511E-009
  -19698.7277798368     
 
 global_mass    19867.9841381324       8.440112700923851E-009
  -19867.9841381409     
 
 global_mass    20037.9479413046       1.418592137131199E-008
  -20037.9479413188     
 
 global_mass    20208.6189110721       1.980619542447248E-008
  -20208.6189110920     
 
 global_mass    20379.9967681089       2.511960454518152E-008
  -20379.9967681341     
 
 global_mass    20552.0812320431       2.993762587080924E-008
  -20552.0812320730     
 
 global_mass    20724.8720214585       3.406926772583870E-008
  -20724.8720214926     
 
 global_mass    20898.3688538968       3.732624904379507E-008
  -20898.3688539342     
 
 global_mass    21072.5714458591       3.952852560035649E-008
  -21072.5714458987     
 
 global_mass    21247.4795128078       4.051003566905110E-008
  -21247.4795128484     
 
 global_mass    21423.0927691684       4.012452109429719E-008
  -21423.0927692086     
 
 global_mass    21599.4109283313       3.825126576102294E-008
  -21599.4109283696     
 
 global_mass    21776.4337026535       3.480058278008779E-008
  -21776.4337026883     
 
 global_mass    21954.1608034607       2.971887517284115E-008
  -21954.1608034904     
 
 global_mass    22132.5919410489       2.299309314169090E-008
  -22132.5919410720     
 
 global_mass    22311.7268246864       1.465441472093265E-008
  -22311.7268247011     
 
 global_mass    22491.5651626155       4.780986023952271E-009
  -22491.5651626203     
 
 global_mass    22672.1066620543      -6.500427571376657E-009
  -22672.1066620478     
 
 global_mass    22853.3510291988      -1.901400745669122E-008
  -22853.3510291798     
 
 global_mass    23035.2979692245      -3.253576789869247E-008
  -23035.2979691920     
 
 global_mass    23217.9471862885      -4.679583565168585E-008
  -23217.9471862417     
 
 global_mass    23401.2983835313      -6.148216369572936E-008
  -23401.2983834698     
 
 global_mass    23585.3512630784      -7.624568417504539E-008
  -23585.3512630022     
 
 global_mass    23770.1055260428      -9.070686797541925E-008
  -23770.1055259521     
 
 global_mass    23955.5608725262      -1.044636192863376E-007
  -23955.5608724217     
 
 global_mass    24141.7170016213      -1.171003936260265E-007
  -24141.7170015043     
 
 global_mass    24328.5736114139      -1.281983879345378E-007
  -24328.5736112857     
 
 global_mass    24516.1303989842      -1.373466123416177E-007
  -24516.1303988469     
 
 global_mass    24704.3870604092      -1.441536160915691E-007
  -24704.3870602651     
 
 global_mass    24893.3432907647      -1.482596059674559E-007
  -24893.3432906164     
 
 global_mass    25082.9987841267      -1.493486655958848E-007
  -25082.9987839773     
 
 global_mass    25273.3532335738      -1.471607594566052E-007
  -25273.3532334266     
 
 global_mass    25464.4063311890      -1.415031874526760E-007
  -25464.4063310476     
 
 global_mass    25656.1577680618      -1.322611455825572E-007
  -25656.1577679296     
 
 global_mass    25848.6072342897      -1.194070464774597E-007
  -25848.6072341703     
 
 global_mass    26041.7544189807      -1.030082609837634E-007
  -26041.7544188777     
 
 global_mass    26235.5990102547      -8.323295899365640E-008
  -26235.5990101715     
 
 global_mass    26430.1406952461      -6.035375450807038E-008
  -26430.1406951858     
 
 global_mass    26625.3791601052      -3.474889632685204E-008
  -26625.3791600705     
 
 global_mass    26821.3140900003      -6.900791384696856E-009
  -26821.3140899934     
 
 global_mass    27017.9451691199       2.260829811138142E-008
  -27017.9451691426     
 
 global_mass    27215.2720806744       5.310348088450956E-008
  -27215.2720807276     
 
 global_mass    27413.2945068983       8.382741515110264E-008
  -27413.2945069821     
 
 global_mass    27612.0121290517       1.139533953269450E-007
  -27612.0121291657     
 
 global_mass    27811.4246274229       1.426012257305093E-007
  -27811.4246275656     
 
 global_mass    28011.5316813300       1.688556810847076E-007
  -28011.5316814990     
 
 global_mass    28212.3329691230       1.917872741715843E-007
  -28212.3329693148     
 
 global_mass    28413.8281681854       2.104749730834958E-007
  -28413.8281683959     
 
 global_mass    28616.0169549369       2.240304362620411E-007
  -28616.0169551610     
 
 global_mass    28818.8990048347       2.316232651756780E-007
  -28818.8990050664     
 
 global_mass    29022.4739923760       2.325067143200132E-007
  -29022.4739926085     
 
 global_mass    29226.7415910995       2.260432483515569E-007
  -29226.7415913256     
 
 global_mass    29431.7014735878       2.117292984369671E-007
  -29431.7014737996     
 
 global_mass    29637.3533114694       1.892185458256680E-007
  -29637.3533116587     
 
 global_mass    29843.6967754202       1.583430513963533E-007
  -29843.6967755786     
 
 global_mass    30050.7315351662       1.191315563333665E-007
  -30050.7315352854     
 
 global_mass    30258.4572594851       7.182430172507355E-008
  -30258.4572595570     
 
 global_mass    30466.8736162085       1.688375405277189E-008
  -30466.8736162254     
 
 global_mass    30675.9802722237      -4.499932069499997E-008
  -30675.9802721787     
 
 global_mass    30885.7768934761      -1.129049194182698E-007
  -30885.7768933632     
 
 global_mass    31096.2631449711      -1.856883979768550E-007
  -31096.2631447854     
 
 global_mass    31307.4386907761      -2.619908951303706E-007
  -31307.4386905141     
 
 global_mass    31519.3031940226      -3.402389705631525E-007
  -31519.3031936824     
 
 global_mass    31731.8563169084      -4.186494019375934E-007
  -31731.8563164898     
 
 global_mass    31945.0977206996      -4.952559767527120E-007
  -31945.0977202044     
 
 global_mass    32159.0270657326      -5.679423624873562E-007
  -32159.0270651647     
 
 global_mass    32373.6440114164      -6.344808335453590E-007
  -32373.6440107819     
 
 global_mass    32588.9482162347      -6.925764842743655E-007
  -32588.9482155422     
 
 global_mass    32804.9393377480      -7.399164050290753E-007
  -32804.9393370081     
 
 global_mass    33021.6170325957      -7.742231464130833E-007
  -33021.6170318215     
 
 global_mass    33238.9809564983      -7.933116490244934E-007
  -33238.9809557050     
 
 global_mass    33457.0307642596      -7.951486757830752E-007
  -33457.0307634645     
 
 global_mass    33675.7661097688      -7.779136547101454E-007
  -33675.7661089909     
 
 global_mass    33895.1866460028      -7.400597252924087E-007
  -33895.1866452628     
 
 global_mass    34115.2920250282      -6.803736846629512E-007
  -34115.2920243478     
 
 global_mass    34336.0818980034      -5.980334540841694E-007
  -34336.0818974054     
 
 global_mass    34557.5559151812      -4.926616348100982E-007
  -34557.5559146886     
 
 global_mass    34779.7137259105      -3.643736983312581E-007
  -34779.7137255462     
 
 global_mass    35002.5549786388      -2.138193619407153E-007
  -35002.5549784250     
 
 global_mass    35226.0793209141      -4.221573872736042E-008
  -35226.0793208719     
 
 global_mass    35450.2863993873       1.486290768861126E-007
  -35450.2863995360     
 
 global_mass    35675.1758598142       3.563032202364727E-007
  -35675.1758601705     
 
 global_mass    35900.7473470576       5.777901549581932E-007
  -35900.7473476354     
 
 global_mass    36127.0005050897       8.094805747755022E-007
  -36127.0005058992     
 
 global_mass    36353.9349769940       1.047197817715216E-006
  -36353.9349780412     
 
 global_mass    36581.5504049673       1.286237266576106E-006
  -36581.5504062536     
 
 global_mass    36809.8464303222       1.521419949247328E-006
  -36809.8464318436     
 
 global_mass    37038.8226934887       1.747160271769454E-006
  -37038.8226952359     
 
 global_mass    37268.4788340169       1.957547520851271E-006
  -37268.4788359744     
 
 global_mass    37498.8144905784       2.146440466241723E-006
  -37498.8144927248     
 
 global_mass    37729.8293009688       2.307574082518399E-006
  -37729.8293032764     
 
 global_mass    37961.5229021096       2.434677100287110E-006
  -37961.5229045443     
 
 global_mass    38193.8949300505       2.521598794426021E-006
  -38193.8949325721     
 
 global_mass    38426.9450199709       2.562443127897148E-006
  -38426.9450225334     
 
 global_mass    38660.6728061826       2.551708099912357E-006
  -38660.6728087343     
 
 global_mass    38895.0779221313       2.484427903038496E-006
  -38895.0779246157     
 
 global_mass    39130.1600003990       2.356315281274061E-006
  -39130.1600027554     
 
 global_mass    39365.9186727060       2.163901306190704E-006
  -39365.9186748699     
 
 global_mass    39602.3535699128       1.904669656564459E-006
  -39602.3535718175     
 
 global_mass    39839.4643220223       1.577182403693055E-006
  -39839.4643235995     
 
 global_mass    40077.2505581818       1.181194274290316E-006
  -40077.2505593631     
 
 global_mass    40315.7119066855       7.177523890723643E-007
  -40315.7119074032     
 
 global_mass    40554.8479949758       1.892785604698513E-007
  -40554.8479951651     
 
 global_mass    40794.6584496464      -4.003686212714588E-007
  -40794.6584492461     
 
 global_mass    41035.1428964439      -1.045854477801801E-006
  -41035.1428953980     
 
 global_mass    41276.3009602700      -1.740354006157078E-006
  -41276.3009585296     
 
 global_mass    41518.1322651841      -2.475564690251928E-006
  -41518.1322627086     
 
 global_mass    41760.6364344053      -3.241747956638355E-006
  -41760.6364311636     
 
 global_mass    42003.8130903146      -4.027800442913966E-006
  -42003.8130862869     
 
 global_mass    42247.6618544577      -4.821355774609980E-006
  -42247.6618496363     
 
 global_mass    42492.1823475466      -5.608917035260841E-006
  -42492.1823419377     
 
 global_mass    42737.3741894630      -6.376019571558248E-006
  -42737.3741830870     
 
 global_mass    42983.2369992598      -7.107423208678452E-006
  -42983.2369921524     
 
 global_mass    43229.7703951640      -7.787332368400767E-006
  -43229.7703873767     
 
 global_mass    43476.9739945793      -8.399641993504189E-006
  -43476.9739861797     
 
 global_mass    43724.8474140884      -8.928206595687953E-006
  -43724.8474051602     
 
 global_mass    43973.3902694556      -9.357129170892726E-006
  -43973.3902600985     
 
 global_mass    44222.6021756294      -9.671066175663654E-006
  -44222.6021659583     
 
 global_mass    44472.4827467450      -9.855544241452816E-006
  -44472.4827368895     
 
 global_mass    44723.0315961270      -9.897283830763971E-006
  -44723.0315862297     
 
 global_mass    44974.2483362918      -9.784524619754283E-006
  -44974.2483265073     
 
 global_mass    45226.1325789505      -9.507347035797560E-006
  -45226.1325694432     
 
 global_mass    45478.6839350112      -9.057984094403602E-006
  -45478.6839259531     
 
 global_mass    45731.9020145815      -8.431117475816201E-006
  -45731.9020061503     
 
 global_mass    45985.7864269714      -7.624151664717327E-006
  -45985.7864193472     
 
 global_mass    46240.3367806957      -6.637459952896421E-006
  -46240.3367740582     
 
 global_mass    46495.5526834762      -5.474596179578330E-006
  -46495.5526780015     
 
 global_mass    46751.4337422445      -4.142466261264750E-006
  -46751.4337381020     
 
 global_mass    47007.9795631443      -2.651453845115813E-006
  -47007.9795604927     
 
 global_mass    47265.1897515336      -1.015494808428452E-006
  -47265.1897505180     
 
 global_mass    47523.0639119874       7.479041784395415E-007
  -47523.0639127352     
 
 global_mass    47781.6016482995       2.617707208944837E-006
  -47781.6016509172     
 
 global_mass    48040.8025634850       4.569454299562364E-006
  -48040.8025680544     
 
 global_mass    48300.6662597823       6.575432836856173E-006
  -48300.6662663576     
 
 global_mass    48561.1923386550       8.604917111495683E-006
  -48561.1923472599     
 
 global_mass    48822.3804007945       1.062447677092436E-005
  -48822.3804114189     
 
 global_mass    49084.2300461210       1.259835398434671E-005
  -49084.2300587192     
 
 global_mass    49346.7408737862       1.448890801678834E-005
  -49346.7408882750     
 
 global_mass    49609.9124821745       1.625712476639589E-005
  -49609.9124984315     
 
 global_mass    49873.7444689054       1.786318764527938E-005
  -49873.7444867684     
 
 global_mass    50138.2364308342       1.926710499447007E-005
  -50138.2364501012     
 
 global_mass    50403.3879640547       2.042938803420959E-005
  -50403.3879844840     
 
 global_mass    50669.1986639002       2.131177217869514E-005
  -50669.1986852118     
 
 global_mass    50935.6681249449       2.187797340697629E-005
  -50935.6681468228     
 
 global_mass    51202.7959410061       2.209447029669604E-005
  -51202.7959631005     
 
 global_mass    51470.5817051451       2.193130131277799E-005
  -51470.5817270763     
 
 global_mass    51739.0250096690       2.136286601705395E-005
  -51739.0250310318     
 
 global_mass    52008.1254461322       2.036871804516710E-005
  -52008.1254665008     
 
 global_mass    52277.8826053380       1.893433700153701E-005
  -52277.8826242722     
 
 global_mass    52548.2960773401       1.705186586882520E-005
  -52548.2960943918     
 
 global_mass    52819.3654514442       1.472080013141911E-005
  -52819.3654661649     
 
 global_mass    53091.0903162099       1.194861458799421E-005
  -53091.0903281584     
 
 global_mass    53363.4702594524       8.751313789717622E-006
  -53363.4702682036     
 
 global_mass    53636.5048682442       5.153892199759107E-006
  -53636.5048733981     
 
 global_mass    53910.1937289176       1.190690535945051E-006
  -53910.1937301082     
 
 global_mass    54184.5364270659      -3.094364661320903E-006
  -54184.5364239714     
 
 global_mass    54459.5325475466      -7.647650394909250E-006
  -54459.5325398988     
 
 global_mass    54735.1816744832      -1.240587665056570E-005
  -54735.1816620772     
 
 global_mass    55011.4833912677      -1.729626581213200E-005
  -55011.4833739714     
 
 global_mass    55288.4372805639      -2.223689050118278E-005
  -55288.4372583270     
 
 global_mass    55566.0429243095      -2.713717662884869E-005
  -55566.0428971722     
 
 global_mass    55844.2999037193      -3.189857658858562E-005
  -55844.2998718207     
 
 global_mass    56123.2077992889      -3.641541547458873E-005
  -56123.2077628734     
 
 global_mass    56402.7661907974      -4.057591099735412E-005
  -56402.7661502214     
 
 global_mass    56682.9746573115      -4.426336540445970E-005
  -56682.9746130481     
 
 global_mass    56963.8327771888      -4.735752522283616E-005
  -56963.8327298312     
 
 global_mass    57245.3401280819      -4.973610204340857E-005
  -57245.3400783457     
 
 global_mass    57527.4962869424      -5.127644489759082E-005
  -57527.4962356659     
 
 global_mass    57810.3008300251      -5.185735205791139E-005
  -57810.3007781677     
 
 global_mass    58093.7533328923      -5.136100736460217E-005
  -58093.7532815312     
 
 global_mass    58377.8533704179      -4.967502347087835E-005
  -58377.8533207428     
 
 global_mass    58662.6005167925      -4.669457174804935E-005
  -58662.6004700978     
 
 global_mass    58947.9943455274      -4.232457603484767E-005
  -58947.9943032027     
 
 global_mass    59234.0344294596      -3.648194499139819E-005
  -59234.0343929776     
 
 global_mass    59520.7203407561      -2.909781556510832E-005
  -59520.7203116582     
 
 global_mass    59808.0516509187      -2.011977803112643E-005
  -59808.0516307988     
 
 global_mass    60096.0279307884      -9.514051270700204E-006
  -60096.0279212743     
 
 global_mass    60384.6487505502       2.732424567707556E-006
  -60384.6487532826     
 
 global_mass    60673.9136797370       1.661001208347847E-005
  -60673.9136963469     
 
 global_mass    60963.8222872338       3.208455223132375E-005
  -60963.8223193183     
 
 global_mass    61254.3741412824       4.909572691889771E-005
  -61254.3741903781     
 
 global_mass    61545.5688094844       6.755564407118575E-005
  -61545.5688770400     
 
 global_mass    61837.4058588050       8.734768029120944E-005
  -61837.4059461526     
 
 global_mass    62129.8848555766       1.083256154533917E-004
  -62129.8849639021     
 
 global_mass    62423.0053655010       1.303130923104665E-004
  -62423.0054958140     
 
 global_mass    62716.7669536527       1.531034324652351E-004
  -62716.7671067561     
 
 global_mass    63011.1691844806       1.764598378476221E-004
  -63011.1693609404     
 
 global_mass    63306.2116218102       2.001160041433030E-004
  -63306.2118219261     
 
 global_mass    63601.8938288442       2.237771694460739E-004
  -63601.8940526213     
 
 global_mass    63898.2153681643       2.471216177612174E-004
  -63898.2156152858     
 
 global_mass    64195.1758017309       2.698026528864526E-004
  -64195.1760715334     
 
 global_mass    64492.7746908833       2.914510536617415E-004
  -64492.7749823343     
 
 global_mass    64791.0115963394       3.116780166364693E-004
  -64791.0119080173     
 
 global_mass    65089.8860781942       3.300785868855604E-004
  -65089.8864082727     
 
 global_mass    65389.3976959185       3.462355720541420E-004
  -65389.3980421540     
 
 global_mass    65689.5460083569       3.597239287683860E-004
  -65689.5463680807     
 
 global_mass    65990.3305737253       3.701156043686808E-004
  -65990.3309438409     
 
 global_mass    66291.7509496082       3.769848105561482E-004
  -66291.7513265929     
 
 global_mass    66593.8066929551       3.799136990555733E-004
  -66593.8070728687     
 
 global_mass    66896.4973600771       3.784984028525137E-004
  -66896.4977385754     
 
 global_mass    67199.8225066428       3.723554000294756E-004
  -67199.8228789981     
 
 global_mass    67503.7816876742       3.611281507789537E-004
  -67503.7820488023     
